0.049999999999999996 0.049999999999999996 0.049999999999999996 0.049999999999999996 0.049999999999999996 0.049999999999999996 0.049999999999999996 0.049999999999999996 0.049999999999999996 0.049999999999999996 0.049999999999999996 0.049999999999999996 0.049999999999999996 0.049999999999999996 0.049999999999999996 0.049999999999999996 0.049999999999999996 0.049999999999999996 0.049999999999999996 0.049999999999999996 
0.03751744972151004 0.04268025124685594 0.2714108972320273 0.03822903551060801 0.00823753110880444 0.04358326743568847 0.03828193697180038 0.03759783696082753 0.03776989782917965 0.03738896410829481 0.03772150718845977 0.05395143052070936 0.03798434294882122 0.037305018733839866 0.05132749101739279 0.038262729408196035 0.038250055718814784 0.037326895393896165 0.03750949985660373 0.03766396108766956 
0.03662028255586364 0.03673875165973764 0.03611151099337104 0.03592550336995035 0.008158745415370214 0.036639003421715916 0.03649014125547624 0.035407115603671095 0.03666577700543277 0.29406508516668395 0.03787482971505818 0.036122068953412495 0.037363728527266125 0.04344513314142084 0.03674527715744873 0.036250774923591314 0.03683138401030131 0.037421751150386734 0.03751987361942666 0.06760326235441491 
0.03748019023519724 0.05180496255834449 0.03762266818564232 0.037337475112556084 0.008295019929835768 0.041204374399943164 0.03862804304227425 0.03727511545490273 0.03751439721845168 0.03747163143249896 0.03774084384003864 0.29752823782224397 0.03705688912258454 0.03694793161683872 0.03836639819695916 0.03777781061611372 0.0381557215785974 0.03674979007321131 0.03712925238701687 0.037913247176748946 
0.039818814977260364 0.040262330348562 0.03934869879471425 0.039306700377754904 0.008675153851398443 0.039977923101944174 0.0397832128416042 0.038661795267197936 0.03973824990208561 0.038263368805529566 0.03992935217099486 0.04028879265455691 0.03976785076695438 0.03938611955835158 0.3086557841004882 0.008675153851398443 0.04044066187250314 0.039729045032968945 0.0398789888090769 0.03941200291465527 
0.037028266538596456 0.03728799802145562 0.036565754093561 0.0363520976597296 0.008235099973757178 0.03681800362565086 0.03661628842507811 0.03676317491462722 0.03697897205272306 0.29669404788637055 0.038216428502241793 0.036842728322270375 0.037824612685202326 0.03759082195940508 0.037084203161051134 0.03690947341180552 0.037037711969834304 0.03751870202490433 0.03749779936080933 0.0641378154109262 
0.03639474098670545 0.037643479680212165 0.052962001486248654 0.12072299078995112 0.008137083710318028 0.03756806518694896 0.0371866668472367 0.037073649958307135 0.037326057107644056 0.03556556037953424 0.03637396643190424 0.037549523756436894 0.03594399236278654 0.0354379990970379 0.2307074280620831 0.03770415930794561 0.03784950846542062 0.035755754652049686 0.03620244130513144 0.03589493042609753 
0.03878963514529644 0.0386639097943134 0.038166290579321 0.0380286647788189 0.00840582167592602 0.03814663500956378 0.037894311823440545 0.03745526966496891 0.03847931527160268 0.03868904835396085 0.2988171445289197 0.03840227225863123 0.03882164505279667 0.039002128426609224 0.03865072839752441 0.03833791266931933 0.03878071801226604 0.038771299639186664 0.03866514026450857 0.03903210865302561 
0.038224466057763466 0.03941866426318599 0.03895150503682585 0.039693689514504464 0.008569297041190586 0.039347623426341516 0.03949265089601034 0.038580915787406814 0.0382209565060717 0.0333594904591044 0.035808592509256366 0.3163257068833062 0.03597692530869568 0.03495212881530745 0.03936272320011902 0.03922898764954501 0.038909565560799046 0.03555505944923762 0.0358724684449738 0.03414858319035478 
0.038250427382572776 0.04094050247080254 0.04082775895086651 0.04057885530746104 0.008843871734565913 0.04080113429480812 0.040831474477451134 0.04006669303620685 0.039508939728839725 0.03265239148567167 0.03511052350290823 0.3357726495438346 0.035263264653013125 0.03407307195428508 0.040808218554841354 0.039522377920900804 0.008843871734565913 0.0357027389638854 0.037599715380444966 0.03400151892207419 
0.03895014156309585 0.03578294999902468 0.034329331696931455 0.034010238224860205 0.008509266113706759 0.03629364037267079 0.03447085553520802 0.03262049491423769 0.03719338904248248 0.038697080004454994 0.31968898472758744 0.03510713087245944 0.038458592334124284 0.03952166307796648 0.03538303148446321 0.03630924326222123 0.0381674612727954 0.03875970807753986 0.03877975630649788 0.04896704111767206 
0.038883582231979665 0.036044997182826076 0.03438313466659148 0.03369450718595438 0.008608266649817176 0.036602163741672834 0.036492671391630885 0.03229714396405969 0.03853369268329735 0.03843466135974564 0.039244670631846314 0.03439570324056538 0.039713355888296345 0.03945068760963354 0.03364481371562416 0.03876852150256546 0.03731786681389739 0.03955499079920076 0.32504129135627774 0.038893277384517755 
0.03877589565560872 0.03250961492051675 0.03415691382899141 0.03091323997967259 0.008830031865546548 0.033344693741696074 0.03292671797706509 0.03406703739424114 0.036794088738680744 0.04046648406269296 0.040826855681157494 0.02962351857696519 0.05001787833788718 0.3299186622470177 0.030655401621501793 0.03637132399110129 0.03787816353791663 0.04041125394585234 0.04073319811510018 0.040779025780788083 
0.038540652935525256 0.036078083721672996 0.0366773365172177 0.028234094567352756 0.008637686223342676 0.03615598055111485 0.0354139784423179 0.03913053811041799 0.038570281923660237 0.03710990511238935 0.0375753977321643 0.03238822515081962 0.03965083931167337 0.03959960337422238 0.03364536714435825 0.039069385243672136 0.03789725408068216 0.32790537243228257 0.039950536241048384 0.03776948118406504 
0.04018956492222309 0.037607343252152634 0.037066760790651486 0.036563494008964956 0.008688067825043 0.03743628080010306 0.03701612846887958 0.038671745350834175 0.03771058297128245 0.03972442769029106 0.045964215137871606 0.037287627837618124 0.008688067825043 0.04244266703625947 0.0388396061949132 0.0380685456500004 0.039402715820712274 0.040018422736869556 0.31909784025565535 0.03951589542463161 
0.03583689179175888 0.035604344292032984 0.036303036392197265 0.035728550265857674 0.00797088261471698 0.03664456644128567 0.03571809871242241 0.03609082288946636 0.05127386203143598 0.032500225424517214 0.034377901060465996 0.035197780018479605 0.27427416959503237 0.0355183560716293 0.034510304613914196 0.051361660609830745 0.03950178359332282 0.061839554532641484 0.055915760373672914 0.03383144867531926 
0.0371224196318472 0.03196620875185633 0.03304829614532237 0.033205027101327715 0.008409428047249088 0.03304337674375188 0.033033823822934995 0.03386563102052664 0.03332688601189769 0.3325656903056092 0.046387453001892474 0.03241086546615341 0.037025665041619145 0.03804900909707507 0.03436667715234535 0.03389534154836964 0.034842197283932966 0.0367878748399429 0.03698016937484943 0.05966795961149668 
0.049999999999999996 0.049999999999999996 0.049999999999999996 0.049999999999999996 0.049999999999999996 0.049999999999999996 0.049999999999999996 0.049999999999999996 0.049999999999999996 0.049999999999999996 0.049999999999999996 0.049999999999999996 0.049999999999999996 0.049999999999999996 0.049999999999999996 0.049999999999999996 0.049999999999999996 0.049999999999999996 0.049999999999999996 0.049999999999999996 
0.03627407187220676 0.03591269732949219 0.038611216670066326 0.03912331977875917 0.008653155623257818 0.03550187559958598 0.03744340341108529 0.03833944209487002 0.03730789449782696 0.031914655603242144 0.034766823112415336 0.03694125568497811 0.036627976395288656 0.035179067902103886 0.3330878520342133 0.03821810048367248 0.03901423534611665 0.03673826771863212 0.03690483619035839 0.03343985265182844 
0.049999999999999996 0.049999999999999996 0.049999999999999996 0.049999999999999996 0.049999999999999996 0.049999999999999996 0.049999999999999996 0.049999999999999996 0.049999999999999996 0.049999999999999996 0.049999999999999996 0.049999999999999996 0.049999999999999996 0.049999999999999996 0.049999999999999996 0.049999999999999996 0.049999999999999996 0.049999999999999996 0.049999999999999996 0.049999999999999996 
0.03866660658847376 0.038605481023159256 0.03898948373252744 0.03895428257074854 0.008467980136331607 0.03884200230411004 0.03807783527625743 0.30533363118021895 0.03896812909527767 0.036523871364042976 0.03667026389204863 0.03773645830115025 0.03788629409974006 0.0370277439681546 0.037805776002075284 0.03906250762689123 0.03879339025453338 0.037859824571162874 0.03826770278195197 0.037460735231144265 
0.033604962488944234 0.09453624256872854 0.22106024961697593 0.08825019447876059 0.007316817626424599 0.06857240354946309 0.03405377480081649 0.04368720150896652 0.034101015164966206 0.0327078345803854 0.03331616867105771 0.04085231203032114 0.033228881242582185 0.03302444343517737 0.03350972532021812 0.033901377788956105 0.03383271144493839 0.03351656587048936 0.03376583830541271 0.0331612795064155 
0.03811116656685241 0.03889445789826327 0.039146344777086624 0.3024238537902774 0.008438474020234527 0.03856635419606219 0.03886284653417105 0.03871481280892982 0.03892445988480153 0.03674839285803533 0.03695518655805657 0.038170125269229 0.037967361736593236 0.03773313202263367 0.038746246837793916 0.039136665031515375 0.03873982756439268 0.03794934544520272 0.03808754295520682 0.037683403244662066 
0.038212504178243394 0.03847746909995356 0.037957977656518704 0.038642923239879466 0.008336006739359343 0.04918272767747492 0.29835546630454535 0.03765556052259708 0.03797690950176524 0.03709872602542613 0.037236514775862165 0.03874285816542027 0.03745942631952564 0.03721782343171349 0.038525624189366385 0.038032193999745396 0.03807228156907097 0.037485028085028564 0.037845574795351694 0.03748640372315224 
0.037848749787083816 0.055410319230805326 0.03749295633884344 0.03795055616827055 0.008199838924498302 0.2913918265212834 0.04698314114016579 0.03692193334637505 0.037983352056204345 0.03661931682402523 0.036949725197734325 0.03806702626527096 0.03702405190788003 0.036885378150488174 0.03718286403766607 0.03770137611412822 0.037595165374836655 0.03742486517150372 0.037287423634346874 0.03708013380858979 
0.2938385624512089 0.03852525364193838 0.03804671576608798 0.03801010112042341 0.008301816825050979 0.04900753050810592 0.03815063001582868 0.03773632753045512 0.03851863465112183 0.03806228694362412 0.03824784628036799 0.038234703092696845 0.0384745289884633 0.037987479153666 0.03701790755762952 0.038394654879829945 0.03819855766224105 0.03840753415469945 0.03840458630558712 0.038434342470973486 
0.2980238135292314 0.038331863712537176 0.03796011065451665 0.037399066331682836 0.00837041425756526 0.03810083487966247 0.03785941476324969 0.03777123058499327 0.038269566637303354 0.038626783177027404 0.038573492546021944 0.0379555010846565 0.038827129759902435 0.03872054499299319 0.03724005968849503 0.03805871798546135 0.038176744712490995 0.038653393613321235 0.0388137759723338 0.04426754111655405 
0.038674256398155575 0.038843251608511126 0.03841302984565001 0.0388554484513969 0.008396664228398243 0.04335547289954246 0.30029930326202475 0.03788660550789178 0.03806285075225244 0.037557433732362186 0.03784438270302616 0.038775712938605836 0.037749608221208375 0.03698565670586362 0.037693550720490396 0.03853871705854155 0.03864133928336598 0.03771996268743667 0.037854305292913566 0.03785244770236234 
0.038919501207651364 0.29843055737254304 0.038699447231559096 0.03839431802333561 0.00840323163638641 0.039069964367604765 0.03865689031750963 0.037899087489079684 0.038908320104443506 0.03838984665278892 0.03848593908027387 0.0388925663767118 0.03830351277677751 0.03851952748574324 0.036801275708873954 0.03854800642080317 0.03870042594539889 0.03859419227641005 0.03885074781993924 0.03853264170616631 
0.3057202579325937 0.03852924453062193 0.037478627426205106 0.03687094063439509 0.0085272768427772 0.03844893386990792 0.03744172575175361 0.03749118002602163 0.038796462358991576 0.03935995485973132 0.0394073206313292 0.03772130076876033 0.03942923484433166 0.03938245857165208 0.0085272768427772 0.03893804266278332 0.03905205276249339 0.039677564021179154 0.03934869510240803 0.0598514495592864 
0.3048800158920623 0.038036115286285865 0.03777676429092408 0.03688702549505563 0.008454134667197737 0.037715236428926345 0.03778394966161397 0.03798117055339339 0.0380814940778444 0.03880394225701339 0.03924984902392946 0.03761675729345045 0.0386756074204608 0.038917495280144175 0.03544414727746575 0.03851410650119075 0.038431098785827185 0.038881849271446466 0.03897768451598275 0.03889155601978513 
0.038379920454308096 0.038861535774187925 0.03884298278995393 0.038714807845402405 0.008369739427776135 0.04485526215424322 0.29856613754259687 0.03787031489788496 0.03867988939642789 0.03658585082421745 0.03773196371292671 0.03886569139444214 0.03778728411196006 0.03725372942294312 0.03774993458020311 0.03861944028780727 0.03888807830579909 0.038129592459328426 0.037903759832686956 0.03734408478490425 
0.03887628810111073 0.03875225121165745 0.03825990270618305 0.03860383124126993 0.008415881314668652 0.03857366103018755 0.0381400727542378 0.037863653622692735 0.03827172432473603 0.03890126667401381 0.2995554139346255 0.038633728591564394 0.03889201028740605 0.03894284229397665 0.03587884768148847 0.03823647229285399 0.038845646217310556 0.038623538933934096 0.03880181062132148 0.03893115616476109 
0.039000324214500975 0.034554908478390337 0.03299626835636424 0.03128012412319156 0.008486390994832756 0.03410301199018177 0.03408880894877925 0.031432837429518065 0.03572646234915642 0.32880396557537156 0.039432341897671884 0.0332849414686312 0.038717469999075084 0.03933014178249387 0.03083294090003053 0.03454715938261501 0.03594502915665482 0.038664559212335234 0.038411042442371326 0.060361271297834106 
0.30087240909649976 0.03880042825323533 0.03836546535553104 0.038455671088706046 0.008420687082415747 0.03867568439847335 0.03904303552161707 0.037451313615169304 0.03824305448155967 0.038651995505982924 0.039135163078941916 0.038835869345914494 0.03860912870269082 0.03852602078352157 0.03483957285378665 0.03831219290288075 0.0386755181164433 0.03870908495148985 0.03871031103382876 0.03866739383131152 
0.038648725256422 0.03903892085211679 0.0387431731795575 0.03901467222116834 0.00845968715388643 0.03930110196289292 0.3050962321072169 0.03713272462832032 0.03852098364226568 0.03691354006941779 0.037636884899819166 0.03899742885891423 0.037498007022457217 0.03748553146046488 0.0368736830936187 0.038511736771983184 0.03846550542190183 0.037778850038740895 0.038425622206298235 0.03745698915253685 
0.2982192863616433 0.03772732138696827 0.036584618927460164 0.036076616623283105 0.008306382576259189 0.03814825958101186 0.03746611964388938 0.03526348138102652 0.03759743427834101 0.03832595545065005 0.03873971235536238 0.037133231722925056 0.05995656033260695 0.03843809792877916 0.032046029433102224 0.037101517055758176 0.03781283380989806 0.038247898857956174 0.038116900765459504 0.03869174152761946 
0.039026346192054126 0.030476936947612884 0.02945474661878092 0.02910193439618289 0.006839845515895024 0.03027832032242696 0.029457946602415398 0.02833354109902952 0.03003594060389776 0.04754927947799918 0.23475810372691955 0.030738078386842737 0.03159584679298668 0.031385358584014825 0.027621959877550176 0.030244847833356906 0.0304538333140629 0.030900263876859253 0.031043063555377507 0.2207038062757347 
0.03773194912782161 0.03802908066494505 0.037439229665225025 0.0375979980436027 0.00816852279530842 0.29420287911367193 0.06376514232865607 0.03514083179425968 0.03684122459412452 0.03604060029884457 0.03663037471337096 0.048565070560848245 0.036456394923424236 0.03575063461004147 0.0351286950439328 0.03717465911650163 0.036890043856855494 0.036387847874017436 0.0359730967007581 0.03608572417379024 
0.03810349203243879 0.04961795292117607 0.038616469415463976 0.03841621950953346 0.008374886709047428 0.30230228440059553 0.03893933490373218 0.037109657434245845 0.03850604272108773 0.03639289606903721 0.03710799190728708 0.03892697854187586 0.03792186483029374 0.03678181285964153 0.03625015474035894 0.038659786309778364 0.03813489755423196 0.036487556685704754 0.03722897226665644 0.03612074818781308 
0.0369565135871128 0.03946866457710246 0.03934357418341294 0.03895776702803622 0.008523354187029436 0.03941506359144918 0.03932982144729578 0.03839934000460675 0.03824385762757065 0.03484595382223995 0.03587972619953365 0.3129836294822705 0.03645200681733547 0.035870557782770464 0.03829801827528807 0.03898394851664184 0.03854243126260228 0.036807985575532616 0.03714753461474057 0.0355502514174285 
0.033772670296548374 0.037913438472733006 0.07057409457358779 0.3233163614846918 0.008304281888936524 0.037904142841118295 0.03739675203679968 0.03768421799193402 0.03677175822077631 0.03038075667792076 0.03209938188504601 0.038002881687900975 0.0335642856799912 0.03179998455528322 0.03727809826164487 0.037106511385356644 0.03673962949028685 0.033767961062161136 0.034698193628495085 0.030924597878787437 
0.03800833686835263 0.04022202039922685 0.04032058921791769 0.040165938302303555 0.008847487326025062 0.040194898341927625 0.03974033998967874 0.03912616728027069 0.03851423279631415 0.03269630186037358 0.03533941787999512 0.3388839360890301 0.036621562043739724 0.03481776708517396 0.008847487326025062 0.03995687827553967 0.039160249953301036 0.03630645983830002 0.03708366374845157 0.035146265378052995 
0.03814898018031231 0.036786818474949905 0.03360464700628633 0.03149952917908098 0.00863010069674797 0.034078609753426616 0.031225890780142828 0.03324795096989377 0.03741615318106357 0.03582332785090828 0.038155329494210084 0.035434160588823024 0.0395546191376078 0.039300541681256594 0.03493917354423129 0.03578832400666645 0.03799453594234574 0.039682975044763966 0.3410185582954564 0.03766977419182617 
0.03865143170129373 0.036508148232273115 0.031927580950812356 0.02800759689447185 0.008754967253963235 0.03529723846161802 0.033364511412901525 0.03249571488333664 0.03727049678095716 0.03734822739490016 0.03810202057085944 0.034579983203509766 0.04009459327532297 0.03923168846797745 0.031496023382873384 0.03625813660003395 0.03756595717608992 0.04009213009246093 0.3450274398774312 0.037926113386913284 
0.033750834231562735 0.02175199847760134 0.020870563570564504 0.017849931619240637 0.00810358345721355 0.020955076590465138 0.019810960045869207 0.023623270347550632 0.026837272453818155 0.3652203144954175 0.0368844848285427 0.019298339095699647 0.033652916633875776 0.036972706114917334 0.021202059856735556 0.026627860552683257 0.02698134407862112 0.03370446173447634 0.03440347070693295 0.17149855110821205 
0.03696887054860489 0.02693540394546794 0.030725425584920432 0.02485439570759347 0.00888016740550914 0.02697435427053031 0.02435252978694629 0.03476012455246812 0.035370873575179845 0.04059832622722541 0.04036392805024001 0.02421810708911824 0.040308960579206 0.3908266426714938 0.025963046968301692 0.033873362285742864 0.035139189489387074 0.0390168902928411 0.03939293165013374 0.04047646931908975 
0.034107031250141036 0.022097617086485093 0.026224506797404137 0.022464568569750803 0.008909320612419018 0.02246866461524959 0.019919957418589353 0.03281774861174601 0.03128651554898782 0.04108038591309693 0.040681068107021226 0.020668576612823942 0.03675587430520082 0.04013794018645295 0.026277593429830565 0.029309042799812297 0.031893650780710193 0.03592367037289801 0.03728212060661542 0.4396941463747649 
0.03832565371480869 0.031773952958608846 0.03379835613447645 0.031673449583707214 0.008740067708682114 0.033937106020370186 0.03181053206920928 0.03641134590081168 0.03650524858168102 0.03961567484405056 0.038210002926213 0.030669750711723662 0.0401978325501869 0.34895114017728157 0.0295627280924221 0.03673407129710334 0.03422323387698294 0.040487859991645565 0.039166265744525024 0.03920572711550967 
0.036666441282130875 0.031235641576142798 0.03125166820128825 0.029207907527267554 0.008880036064559251 0.030793046912481054 0.029382654612715088 0.03314344369257674 0.033348372699169765 0.37748397044409354 0.03811831003214453 0.027324627996372697 0.037413090154421555 0.03963006465698801 0.030247527731333296 0.033694281474899675 0.035097242494526185 0.038094514156068425 0.03818905819602068 0.04079810009480007 
0.049999999999999996 0.049999999999999996 0.049999999999999996 0.049999999999999996 0.049999999999999996 0.049999999999999996 0.049999999999999996 0.049999999999999996 0.049999999999999996 0.049999999999999996 0.049999999999999996 0.049999999999999996 0.049999999999999996 0.049999999999999996 0.049999999999999996 0.049999999999999996 0.049999999999999996 0.049999999999999996 0.049999999999999996 0.049999999999999996 
0.03789475926060129 0.036323520073333476 0.03872677312589292 0.038300685483112766 0.008884808396108734 0.0361980706336421 0.03461022863709511 0.03820185862397672 0.03930614187646728 0.035698048751715915 0.03788954668468597 0.0333469378173936 0.03912741736545053 0.03888042386923536 0.038749969786580914 0.040618554502066626 0.3390643879062105 0.039585401202500474 0.03970765760782102 0.008884808396108734 
0.0393818342646957 0.03655163819814808 0.03661788131460074 0.03580467577087203 0.008581915762134022 0.036561733150729 0.03570246568638248 0.03706039021287104 0.037517006570919144 0.037285831734600594 0.32103830389328675 0.03602843193457609 0.037779932245267246 0.0389488973438076 0.03586827595311338 0.03721980449845965 0.03740208302627507 0.03795201062023828 0.03891247551464357 0.0377844123043795 
0.03685197525995707 0.035376219955584896 0.03716724656207366 0.036679291966212425 0.008715568710981324 0.035529072416849446 0.035160471563448585 0.3457182680445476 0.03650154461234938 0.032955367404713325 0.03385937634814436 0.035105791032618204 0.03504864419155092 0.03594040949169123 0.03833264857696939 0.03669589875707678 0.036112866862276584 0.03646532083438601 0.03632163655790394 0.0354623808506649 
0.037217122811712244 0.03534321162785445 0.037364222396606764 0.03601528899439331 0.00848276899094662 0.035085965772347905 0.03415205541361905 0.038248853872838065 0.03727769538214131 0.03799684398780632 0.03927048636695232 0.03468717104372941 0.03935905653400727 0.29072743098578574 0.03712463140122394 0.03692161647215024 0.037854042151560116 0.03826669440748804 0.03916690113280835 0.06943794025402861 
0.03726567628936671 0.034450497973676955 0.036698790235938576 0.035209399914216025 0.00870264940050757 0.0361607905666629 0.03374246968083615 0.34074253911243446 0.0378899126477486 0.03518886128775473 0.03609381621755346 0.031773351991644584 0.03580562680232766 0.037643518820466966 0.03688796374538613 0.03842081148864088 0.03568464094636291 0.03767230294417434 0.03714008299262688 0.03682629694167361 
0.03793045531749503 0.03448492205066409 0.03545884334833389 0.03362709893155672 0.008670663214922146 0.03504659246489917 0.03285522029817979 0.03670683208852859 0.03738569228721113 0.33419782150788513 0.03956937490569243 0.03288737781340199 0.03830561177109281 0.03996156263674846 0.03332983183892418 0.03562945493050615 0.035737576726754025 0.039152877536090806 0.03908611458859685 0.03997607574251683 
0.049999999999999996 0.049999999999999996 0.049999999999999996 0.049999999999999996 0.049999999999999996 0.049999999999999996 0.049999999999999996 0.049999999999999996 0.049999999999999996 0.049999999999999996 0.049999999999999996 0.049999999999999996 0.049999999999999996 0.049999999999999996 0.049999999999999996 0.049999999999999996 0.049999999999999996 0.049999999999999996 0.049999999999999996 0.049999999999999996 
0.049999999999999996 0.049999999999999996 0.049999999999999996 0.049999999999999996 0.049999999999999996 0.049999999999999996 0.049999999999999996 0.049999999999999996 0.049999999999999996 0.049999999999999996 0.049999999999999996 0.049999999999999996 0.049999999999999996 0.049999999999999996 0.049999999999999996 0.049999999999999996 0.049999999999999996 0.049999999999999996 0.049999999999999996 0.049999999999999996 
0.036121790726327166 0.0376178554336615 0.03834238525444543 0.036815104339522384 0.008369765368190707 0.038063119711415294 0.035822450595605744 0.03793367107673856 0.061178886516180454 0.03251942772633119 0.031887275686674946 0.036167584686773877 0.03573752052326555 0.03562545359029882 0.03620391955209594 0.31378256187960696 0.03822551337603228 0.03775668986971824 0.03748758763202281 0.03434143645509207 
0.03622128909522289 0.03333550675081853 0.034106963014741816 0.03202231469988239 0.007892195624769166 0.03292717618596111 0.03059877615365821 0.03457603686739025 0.03589990191737846 0.03519315574824239 0.03499352327195352 0.031039809119805403 0.03580926694904526 0.03657668975567573 0.03308340540844284 0.03558141857509496 0.03521167133212981 0.13818403532920223 0.2709180175631528 0.03582884663743229 
0.049999999999999996 0.049999999999999996 0.049999999999999996 0.049999999999999996 0.049999999999999996 0.049999999999999996 0.049999999999999996 0.049999999999999996 0.049999999999999996 0.049999999999999996 0.049999999999999996 0.049999999999999996 0.049999999999999996 0.049999999999999996 0.049999999999999996 0.049999999999999996 0.049999999999999996 0.049999999999999996 0.049999999999999996 0.049999999999999996 
0.038773869830191196 0.038398808439060426 0.03875527129816236 0.03777356409449133 0.008510556421301814 0.03824118067417708 0.0368747725866823 0.0384845719579186 0.03881270020895496 0.03596912135760531 0.03689696271358471 0.03674551864775725 0.037819106564701416 0.03729655027318132 0.03631250837071792 0.03922522702551633 0.31226575557772224 0.038017546378801226 0.037964026069770014 0.03686238150970232 
0.03658364953209246 0.03830885881524993 0.03874827987317278 0.03865700354905278 0.008529091065487516 0.03802096572916167 0.03800677114113685 0.038009958626548164 0.038094079481478575 0.03025166418400377 0.03221679539949407 0.03752220419394759 0.032620944944998245 0.03484460950991329 0.03633262363992629 0.32456641701955175 0.054275411254377154 0.03582985143786378 0.035988989982529765 0.032591830620013626 
0.037986390802017406 0.03785121120860828 0.036836980570718506 0.037104685870488895 0.0086549377590267 0.037876625018612796 0.03853305067876584 0.03689331692263611 0.03665819258078244 0.034786546292008114 0.03505865416064267 0.03863783548667744 0.03514910242416019 0.03490790306187886 0.3294639919495322 0.037350570110746245 0.0374131916860212 0.03665694235375823 0.03640315177892981 0.03577671928398802 
0.03929916454606824 0.038765711221418524 0.03802985789483994 0.039573921708306224 0.008595196286589956 0.03923524724716571 0.3214596412616322 0.03770606705605785 0.037540548163873394 0.033925409758464406 0.03617359690980938 0.03912246867063458 0.03447901342205171 0.035309296216210276 0.03480637247550694 0.03840718242016258 0.03742463015776443 0.036935025642820384 0.0366749095944447 0.0365367393461786 
0.038615428396473736 0.03873402248661035 0.3025608741707707 0.038885121968938084 0.00843877318574861 0.03894017918472022 0.038201266113123494 0.0388439195239383 0.03915771384341277 0.03696411089425473 0.037251354357669395 0.038213910171088064 0.03798466506054491 0.03772880976616468 0.03631358658818982 0.03922376400927043 0.0392191613139433 0.03809443612123807 0.03863452913738589 0.03799437370651445 
0.03942586284704738 0.03684052970793596 0.035930408430566586 0.03427488113239106 0.00854802758629842 0.03687800189850285 0.03515612582549219 0.034249903563787716 0.03683368791480304 0.3195527684257826 0.042904699032401454 0.035886143540645475 0.03895182996068424 0.03914402415502335 0.03475926134172145 0.036604209030865684 0.03795824157911324 0.03795411047296261 0.038237484591297055 0.03990979896267777 
0.3019824293838396 0.038272377869613364 0.037674787222646514 0.03760404421474372 0.008399671420891782 0.037941413608416866 0.03839568541610427 0.03741730923121695 0.03747367135741767 0.03802860078776947 0.04560147048058978 0.038139752997357945 0.0382883543776107 0.03788709687025697 0.03650400528576855 0.03773720257599499 0.03799731297131073 0.037875462540604546 0.03816435977020588 0.038614991617639774 
0.04559410929156125 0.2985987295512919 0.03845536213440007 0.03789460864651433 0.008353570707036788 0.0383962488832547 0.03831009235838905 0.03789721511487357 0.03859500228157859 0.03684658752850178 0.03805582050751647 0.03878740943948624 0.038296514452075464 0.03787632558394968 0.03683525831089052 0.03839622098746439 0.038443459975574454 0.03815100954822838 0.03874993539881066 0.03746651929860178 
0.039547073209613925 0.037332645727684945 0.03687093370547947 0.03600213727236498 0.008511413296518899 0.037703982949724116 0.036641441891917294 0.037203877179907655 0.03777354032564274 0.03862048218279685 0.03848817071937413 0.036723697382953314 0.3106911061069933 0.03948327853746749 0.03405590221223006 0.03811289556771031 0.03862266439235236 0.039160662256441894 0.03951582171440243 0.03893827336842371 
0.03936815630775118 0.008647000338510786 0.03607428946518374 0.03506712366902959 0.008647000338510786 0.03672796379401978 0.035572127529461026 0.03651285774032916 0.03715428398366391 0.32070457840733857 0.04020517028055063 0.03693054558255764 0.039695998976346625 0.039819472618856155 0.03416729718506517 0.036680410713917255 0.03799648430800718 0.038993103300830584 0.03924563344430286 0.06179050201576743 
0.03909416082617544 0.03914269682113963 0.038596699259225015 0.03915343469935015 0.008488164617645795 0.039196915477681026 0.31046505034670263 0.036948956217086354 0.037835647558016605 0.03518879171492059 0.03745589253370656 0.03925414607790782 0.037332090498831114 0.03624922935922449 0.036437698121802524 0.038544143889100844 0.03887067955880751 0.03710879123378482 0.037532876714786625 0.03710393447410442 
0.038487862775660804 0.03844469635857979 0.03728271573894001 0.03716323355048832 0.008418503498967882 0.038036770868196124 0.03800970013762133 0.03600285885094064 0.03791489725765995 0.044535325029740745 0.03911227181120384 0.03823837143425201 0.038825054570078434 0.03909571500625974 0.03445434966529421 0.03720423222893415 0.037998277679993475 0.03860517627742211 0.03879606558540851 0.303373921674358 
0.336444800401046 0.037065905611480585 0.03442675465982164 0.03060013678786235 0.008648197196147542 0.037407049072389766 0.035569487806829954 0.03371363323572691 0.03678832120361564 0.0380741509573509 0.0379507438899209 0.03649815016455274 0.039271314851153045 0.038283804181914786 0.02951275212239601 0.03681365476755333 0.03735817693138529 0.03829614648885104 0.03820629148038493 0.0390705281896167 
0.038054946245901625 0.039000170661274265 0.03863660806351884 0.03929988952576839 0.008438958686430319 0.03914021078694638 0.304119513399728 0.03696315672822311 0.038355919618846955 0.03781964458805834 0.03736350796785024 0.039236085460643284 0.03801707469081878 0.037606077516839115 0.036038370169870486 0.038757075007822626 0.0388887197034946 0.0377707223791171 0.03827559287681782 0.038217755922029646 
0.03876001089814759 0.03920122657798789 0.03819084437113726 0.038962990493580096 0.008468568107227705 0.03920600079319199 0.3071096388621103 0.03561879557458229 0.03809275769939886 0.03748228549564423 0.03810035103898137 0.039108844710386066 0.03801973511839636 0.03758745474883685 0.03643650633010832 0.038329031474843504 0.038271804361673496 0.03771687684862702 0.037576645825282064 0.037759630669856666 
0.03877215363697866 0.03701749173920278 0.03621590003872545 0.03504642462240984 0.008576226822403344 0.03709503045327339 0.036044548160283546 0.0331247603846646 0.036795861365248005 0.0397295736482492 0.3224411515022972 0.036197151980056554 0.03961459673402264 0.039430871885056416 0.03304946399973816 0.03672464676377299 0.037288830346224724 0.038821026165354884 0.03867775465093591 0.03933653510110167 
0.31330610241697837 0.03902340209327806 0.03663416311697388 0.03659426035110222 0.008513113869566578 0.03910088223079377 0.038828956123895704 0.03444738889692798 0.037583928829594264 0.03770034157059208 0.03786999034864922 0.03878476433990236 0.03867029733416788 0.03766554627552542 0.036197705856854966 0.03802859719337116 0.03706347038375298 0.037808762758543286 0.03756790390990629 0.03861042209962361 
0.03776334040992637 0.03801280523770276 0.03867093988838759 0.03815153392126319 0.008513148170388745 0.03826911221191234 0.037275656204457705 0.3123650259069785 0.03827635978567294 0.036404259819811866 0.03729615137242066 0.03796941182409358 0.03755706304158784 0.03737739577529705 0.03814983561311036 0.03842615487594532 0.03794241864749882 0.03693344326383646 0.03742009756148744 0.037225846468220615 
0.0382788617384735 0.03935076346056892 0.03843759199037208 0.03877792524073354 0.00845814146823751 0.3051571116629012 0.0393930331341792 0.03682014173812498 0.038575514029128795 0.03746003030383137 0.03821507176294011 0.03898167230657898 0.03820193998393236 0.037371744005583324 0.03723912557991502 0.03862201741750396 0.03833617458170631 0.037443350073876176 0.03742063240547056 0.037459157115942165 
0.03830817335697998 0.039098434675482005 0.03863243679113784 0.03786703700859571 0.008524596751084535 0.03854085712657087 0.03815242237177651 0.03729297590819572 0.03938060393359389 0.0332222473880939 0.03449395416748662 0.038065347959631325 0.035900786945042465 0.035627211377858535 0.038538574460216336 0.03970001857236814 0.3161125278051608 0.03697151491473528 0.03840963828191064 0.03716064020407898 
0.2795622885493382 0.0369480315766468 0.03593701815147244 0.035464452170130584 0.008162212274329334 0.037256340349655144 0.036891730692373226 0.03689895721198514 0.036979145277239965 0.03656584780078818 0.03738817888090862 0.035926038226325945 0.07847630932582073 0.037184986541520956 0.03671926375863126 0.036704188000767725 0.04527188662016664 0.037223164138775876 0.03757556876440147 0.0368643916887217 
0.03121918546569419 0.03592052566467511 0.038188638087214136 0.033470815549745694 0.00895146437455668 0.03629098769637504 0.03655107340422231 0.038884083766978585 0.03530560253619129 0.027083671484838628 0.02821375321214504 0.03636561741930786 0.030155981628638265 0.02920227777092634 0.3938499928148455 0.0363369961296534 0.03358362862772739 0.029674062436944867 0.03172318416540275 0.029028457763916892 
0.3336805125290468 0.0363552185346095 0.03250336099076018 0.03247309211864914 0.008566723485383702 0.036249762995844 0.03381552942824556 0.03288754656960754 0.037411683067571345 0.03369488546389069 0.037396309254720345 0.035532383706974376 0.03898756713864192 0.03774855238404644 0.03449388738812641 0.03897199166110521 0.04905475436899903 0.03849214309332114 0.038136259038973 0.03354783678148373 
0.03696653581766785 0.027893566725723153 0.02582956177431816 0.023599327328759353 0.008799508154453552 0.0283695827976364 0.025441414699043572 0.02880378716879098 0.03213161626163608 0.3938054478073341 0.05416532621026262 0.027873356741297182 0.038835309961693786 0.03988780734632914 0.028830427857046755 0.03294576606498252 0.03202038286280828 0.036694650441476725 0.036386503628809456 0.0407201203499304 
0.03365311491615879 0.0298200330553144 0.03183090893557773 0.027322271681769063 0.008943864008742782 0.030383169298615474 0.029587352799477027 0.0348987399237666 0.03624179449798313 0.04134185480149749 0.03966237638607721 0.02770335278782374 0.0381628328106566 0.04017718161581536 0.02955165416699165 0.03539922466329911 0.03670507786821572 0.03793350990576438 0.03822918738987398 0.3724524984865797 
0.03053246044136824 0.021454129682473976 0.023092052318315594 0.021561210207712556 0.008931614984265184 0.02114611163106065 0.01933059816843921 0.03032976591081532 0.030283883294268364 0.04024574408621642 0.44789125268217056 0.020314339770608834 0.03888007540003881 0.04091040550990036 0.029657686721783538 0.025975801333706642 0.03299896228328056 0.03695385426410591 0.038853270757551156 0.04065678055191795 
0.0354374814330472 0.034296847216320814 0.035708979016994886 0.03349253770320375 0.008698344560935886 0.03593268108514857 0.03356169854850332 0.037465753494918035 0.037684887018783246 0.035640515508051 0.03693770547777108 0.03331852235857781 0.3444282187049866 0.03857635608456176 0.03133888407883963 0.037407395150696056 0.03600811411484138 0.03911764310808549 0.03869449690994162 0.036252938425791914 
0.03688860248596515 0.030951525725798585 0.03132501780920421 0.029324997622333152 0.008845290625829573 0.030286600286939597 0.0290513982757429 0.03237543941217642 0.03259310167565024 0.37874436972878295 0.04029362310577613 0.029315980041618398 0.037471609926492455 0.03890790468359652 0.0321699607691076 0.0323782656877033 0.03573563378454852 0.03644856530052043 0.036948571296509664 0.039943541755704394 
0.049999999999999996 0.049999999999999996 0.049999999999999996 0.049999999999999996 0.049999999999999996 0.049999999999999996 0.049999999999999996 0.049999999999999996 0.049999999999999996 0.049999999999999996 0.049999999999999996 0.049999999999999996 0.049999999999999996 0.049999999999999996 0.049999999999999996 0.049999999999999996 0.049999999999999996 0.049999999999999996 0.049999999999999996 0.049999999999999996 
0.03890172336642863 0.03270154137018462 0.03447064931623198 0.030887936550398315 0.008684987831827945 0.03297902005066246 0.03085155484074615 0.036922491676074976 0.03653583061950756 0.03616171333009918 0.03896614309853129 0.030497881875790136 0.040037210654670155 0.03910745184726416 0.02975488984242207 0.03617803642289888 0.03873224297562746 0.039869593629780556 0.35046551472313464 0.03729358597771882 
0.049999999999999996 0.049999999999999996 0.049999999999999996 0.049999999999999996 0.049999999999999996 0.049999999999999996 0.049999999999999996 0.049999999999999996 0.049999999999999996 0.049999999999999996 0.049999999999999996 0.049999999999999996 0.049999999999999996 0.049999999999999996 0.049999999999999996 0.049999999999999996 0.049999999999999996 0.049999999999999996 0.049999999999999996 0.049999999999999996 
0.037358963730324185 0.033384405881451445 0.033424673525844315 0.03147646378187318 0.008780309599529242 0.032986484796095866 0.031829140354875926 0.03428891004952964 0.03482726233753401 0.3511088313187442 0.03966532352996354 0.032172038906242345 0.03818327476448451 0.039184653716950034 0.03475025288257437 0.03503866874909319 0.035754669278944405 0.03735995457639928 0.037944367717264414 0.04048135050228195 
0.03708152220766154 0.035992257907648054 0.03725757975549788 0.03372933045058843 0.008584670798880145 0.034263124649282925 0.032882609885843454 0.03807017807508614 0.038583834421883664 0.03806152562847727 0.037862278812867585 0.03343919191239367 0.039258569785133327 0.3270392944307675 0.034010896489284556 0.03761296842018147 0.03768778731008843 0.03933689624276696 0.039911540961169945 0.03933394185449705 
0.037225353752987654 0.03841949959556505 0.03952159793696128 0.3253525853708111 0.00861648363771293 0.0391606095961239 0.03956443700426389 0.03767059063401262 0.0384568250715967 0.030618719681360988 0.03383851540709188 0.03875144423477976 0.03568941118493177 0.034148953806764054 0.03871588702701029 0.03947922819380933 0.03908604349307876 0.03643699124487501 0.03609406123598119 0.03315276189028188 
0.03780499921230704 0.03721330475032614 0.037329875556757194 0.036742062833402124 0.008230375900062509 0.03658011557736576 0.036227932492746535 0.036103828615620816 0.03759502027307107 0.037471257110515646 0.03759493362594816 0.03630171011739129 0.03802155652384328 0.03806472998553023 0.03725324095410788 0.03804585884062394 0.07205342684045644 0.03753948440076869 0.2789045639586649 0.04492172243049044 
0.03188130781764525 0.13432215355698318 0.05457748669753857 0.03508374561300843 0.007573501213099897 0.03502169620366826 0.0349137828576554 0.03465506777711553 0.03471760496789968 0.02834544391335558 0.02784452775960366 0.035078434423768824 0.03020014221922072 0.02882248515080233 0.034712304055075756 0.055276676607510546 0.26184649229786117 0.03185042561700251 0.03242572036664042 0.030851000884544365 
