0.04999999999999999 0.04999999999999999 0.04999999999999999 0.04999999999999999 0.04999999999999999 0.04999999999999999 0.04999999999999999 0.04999999999999999 0.04999999999999999 0.04999999999999999 0.04999999999999999 0.04999999999999999 0.04999999999999999 0.04999999999999999 0.04999999999999999 0.04999999999999999 0.04999999999999999 0.04999999999999999 0.04999999999999999 0.04999999999999999 
0.08018414393550977 0.07676768042065191 0.029674403717942912 0.05784331511690178 8.514393599971991e-07 0.12098559435532912 0.055813314499102755 0.09459190485030965 0.03726599607774359 0.044354352569740275 0.026498908527367908 0.06876713680827351 0.0535084031878757 0.05797811494481778 0.040615026652310024 0.030702708091806974 0.02418034346316685 0.04251736583691474 0.03198502412560414 0.025765411379270527 
0.10388718980070043 0.03986907324362322 0.054965653702356364 0.05274161217271055 8.469178847260572e-07 0.05394227939965431 0.01593340022660931 0.01869015637749711 0.04618600826346316 0.03430213624615333 0.08487324587571403 0.0651383571088094 0.03572970228377926 0.04905304481537942 0.04118115106800005 0.08782841850120282 0.06211422002049633 0.04503237893515438 0.05684259435034782 0.0516885306904641 
0.10838693367455689 0.065542176217653 0.036627295329418996 0.03793797869081479 9.558429553114708e-07 0.06964795017493061 0.027258553675412665 0.04156598452560036 0.03712485173014873 0.034491152703940584 0.12085343251656042 0.0336212142520348 0.031400381142744294 0.04945402120115195 0.0465614014801364 0.051510454402335856 0.03035824544279275 0.05560547791946763 0.03226523819874183 0.08978630087860216 
0.051007883557371285 0.038502642306421 0.030837068768981835 0.01432430303405452 1.0447070117067093e-06 0.023443169984056732 0.07329799124954436 0.027417058364645745 0.050013035046436706 0.076868233717561 0.04218186681805801 0.05262512250779462 0.11365776837805552 0.03484062753040965 0.04120886463304456 0.11741241203023109 0.03239081453139224 0.06170284043371122 0.05566357828354595 0.06260367411767226 
0.0250145038283609 0.023622388309845862 0.028732855296760413 0.02006522878199839 1.7221339373253525e-06 0.04749964084665776 0.01384319502666288 0.09477746696429859 0.044272614844168806 0.06608730167885017 0.08100365728550964 0.029286075817649627 0.08189818823472385 0.1565050494046207 0.021844646653259032 0.03705219686769211 0.06167557144099542 0.039791699611922665 0.08431388389738673 0.04271211307469926 
0.049768620700013595 0.03707526606815714 0.01949902869949459 0.02543560189168062 9.802560261043374e-07 0.05300476325084314 0.018125883010584265 0.062164466327608824 0.058453197975924444 0.02712621308977686 0.055438764994158715 0.04784773336354754 0.04664167571994455 0.05983318205346479 0.024865865688750263 0.04672651171280146 0.04757983726545277 0.1732401070295157 0.06901823004850732 0.07815407085374725 
0.0439665023817111 0.005464089895833193 0.016156717978039026 0.010005405505555792 1.7963948633013728e-06 0.011634686558934541 0.011390033097207599 0.034899339959016173 0.04200562488062791 0.2503443114604 0.09293037231020018 0.007993797242369385 0.06389884448305343 0.08674278512741262 0.032349172575011284 0.03961509778010713 0.07466862491957446 0.029710058471576536 0.05287019613196604 0.09335254284654028 
0.04999999999999999 0.04999999999999999 0.04999999999999999 0.04999999999999999 0.04999999999999999 0.04999999999999999 0.04999999999999999 0.04999999999999999 0.04999999999999999 0.04999999999999999 0.04999999999999999 0.04999999999999999 0.04999999999999999 0.04999999999999999 0.04999999999999999 0.04999999999999999 0.04999999999999999 0.04999999999999999 0.04999999999999999 0.04999999999999999 
0.04999999999999999 0.04999999999999999 0.04999999999999999 0.04999999999999999 0.04999999999999999 0.04999999999999999 0.04999999999999999 0.04999999999999999 0.04999999999999999 0.04999999999999999 0.04999999999999999 0.04999999999999999 0.04999999999999999 0.04999999999999999 0.04999999999999999 0.04999999999999999 0.04999999999999999 0.04999999999999999 0.04999999999999999 0.04999999999999999 
0.09829094963277824 0.05086483287598347 0.0932833993592686 0.057738287165036664 8.954245440647007e-07 0.05637936713870985 0.031178252858012342 0.028313256430805945 0.08587897518420855 0.0322510522796248 0.038267765298032275 0.037104688027122225 0.02908114357817438 0.05973534451317949 0.05440087147351975 0.05151933601707205 0.04419273401990845 0.03064130749838296 0.04902058926058274 0.07185695196505319 
0.03054439178156183 0.029834589365992516 0.0357091490333904 0.048593911360513206 7.134130732537578e-07 0.06122171462035633 0.029157364090993627 0.020742540256781048 0.12125596554204 0.06739333810612613 0.022397244680483513 0.038346511648450904 0.09081459681424094 0.05421598722806599 0.02923114272850115 0.0197557275547654 0.0966874633201297 0.060964236387038136 0.04838888665110715 0.0947445254163886 
0.02721003303372487 0.05828031758448574 0.061299680105095705 0.023159879253994 8.269414302071104e-07 0.06990071117438582 0.07168014072004181 0.04877318291990403 0.04830593054568289 0.049305564577579855 0.026414264093334687 0.06328168330366171 0.07720373265755397 0.041141922716615355 0.033857600785667706 0.04011809343878406 0.03491098104138651 0.06852313467162424 0.13161265193952673 0.025019668495519856 
0.046235430554540845 0.020221303095461322 0.06239446954680197 0.13778742760974771 9.328825375971442e-07 0.020303734517697646 0.04342096262984192 0.060749830297977 0.02212853637950974 0.05112420136185958 0.07217817729507504 0.03399908502147634 0.07246311963493163 0.04545203995309423 0.05171742574178832 0.03560376262612016 0.08017151174394364 0.07095275004671837 0.05679089508279348 0.016304403978083505 
0.07928036107187066 0.08330254546642109 0.0530281689802508 0.031368040942879996 1.209260653076e-06 0.04391691583431177 0.03559466673434527 0.03513319917748905 0.06511320953835198 0.09275149953350387 0.01812827632837119 0.04344718102502927 0.023382163907471207 0.05355315265556468 0.044415125809037045 0.07718987400144108 0.06762296329656076 0.04661506121880183 0.019523359225846876 0.08663302599179848 
0.04999999999999999 0.04999999999999999 0.04999999999999999 0.04999999999999999 0.04999999999999999 0.04999999999999999 0.04999999999999999 0.04999999999999999 0.04999999999999999 0.04999999999999999 0.04999999999999999 0.04999999999999999 0.04999999999999999 0.04999999999999999 0.04999999999999999 0.04999999999999999 0.04999999999999999 0.04999999999999999 0.04999999999999999 0.04999999999999999 
0.05983799186151087 0.05570673215049233 0.048334977139890864 0.041965035919974795 7.591717897136818e-07 0.06806661602538766 0.03897279510289393 0.04450140277989635 0.10098350735372648 0.02540948414463653 0.0476396113181604 0.0946389445351859 0.038113916719052295 0.007033351870517218 0.06758168617973374 0.05494804051910928 0.09817343084028027 0.05921301953963155 0.024910948675323064 0.023967748152806796 
0.025095005182436916 0.06875372627870681 0.04782560139964686 0.08469145578623463 7.770748852751779e-07 0.06456389465757503 0.05630286842669591 0.015909890641887078 0.03802963226240391 0.026681320550574407 0.03751823422478312 0.09116123108833997 0.040989212329968494 0.021997661116366807 0.07879377257528163 0.05549529391213149 0.04405886120333887 0.06076612372430489 0.12394458794799132 0.01742084961644647 
0.0511865110357465 0.039221421675074725 0.11380752325394142 0.021721495759273766 7.752402798948947e-07 0.05911700256059441 0.036018291728543816 0.1117154197173752 0.04709539263556553 0.08284730054152908 0.059900135678760895 0.04334373421420742 0.01629054591654527 0.033352493719223934 0.06426039494781167 0.04910647333490688 0.03587872070720277 0.04499881852612622 0.0354292425195755 0.05470830628771522 
0.03224340362772966 0.05073434646497347 0.05039435650679814 0.06498402354325544 7.937255607943724e-07 0.0403783381304593 0.04407884374007938 0.0930524574793676 0.023309327055470282 0.018078786024428854 0.07668777182154286 0.022450281034331897 0.021821340333537585 0.052599847327291234 0.10370618987391755 0.03209489150409741 0.06010974249938918 0.09670824887635025 0.05730588107898778 0.05926112935243129 
0.0711600957713533 0.054470137645674835 0.0584655056991161 0.03862055970290179 7.565211082593244e-07 0.07164244416079853 0.049620083850368514 0.04986977751504215 0.07232808253948761 0.03219175023784243 0.018272791965867993 0.07843187472404596 0.05547678891859034 0.05672530283173774 0.02789055088914369 0.030259806688997814 0.07705059957531336 0.06626749015850648 0.020111568011441452 0.07114403259266172 
0.0472361001457326 0.042535756711044204 0.037120155084723876 0.04081712971412176 6.414351645962907e-07 0.08149030117906239 0.03382038186706405 0.04011859269160086 0.03388776602144931 0.02305123777111921 0.027382423446020664 0.09424430567409295 0.042548109452978794 0.048055431395421025 0.040934353762872716 0.20455085858368677 0.0444676483989761 0.024968914772495673 0.059616761505741335 0.0331531303866312 
0.06064684711235052 0.029466425438887316 0.05208235802027809 0.05937843340588252 8.487218318777789e-07 0.06234445126713248 0.04406338487387433 0.06715538736467981 0.04399691416840417 0.14604425913477867 0.05630543778178631 0.057240161704988655 0.037211166629574445 0.04364566135598201 0.0749051850619718 0.0378690938897878 0.029546709610682058 0.012138864566492533 0.040008258160199886 0.04595015173043477 
0.0391117229316021 0.03360263301537246 0.029575576873314732 0.0678974970933007 8.586063277189276e-07 0.05444069017719256 0.10432660865429999 0.060282514176282595 0.050655380194230715 0.05958790519642024 0.06276676604507331 0.06299051445925505 0.04633786864325774 0.025823661759730682 0.09780578606937608 0.04029731179259574 0.04766321418057767 0.04064212682132576 0.03030509387924611 0.04588626943121809 
0.09351465562523528 0.10018894633164252 0.04536651692304392 0.07868974348676137 8.864154840799488e-07 0.02975821404252666 0.021654223334784756 0.044493234237784694 0.04721400735140153 0.0590268278361366 0.03227815163075149 0.060461333254372154 0.0316175979805904 0.03568725596325146 0.05638704900462093 0.07289526610787622 0.08152491938802832 0.04756288580834616 0.044956417958631506 0.016721867318730127 
0.11930066874623461 0.06355720467243535 0.034851097512263125 0.01693144080314696 7.658297795806576e-07 0.15564619269263175 0.03976411219283121 0.03056452634479435 0.018233362126108717 0.08648962711837527 0.01695001149622397 0.03377023966426846 0.03909732847654105 0.04728240059007309 0.01736171203958565 0.0742977701962129 0.027324955374262588 0.027868477601506538 0.11322681174110999 0.03748129478161496 
0.041585201047843745 0.05683557342567769 0.0335071664949685 0.0376075998811355 8.109051632988309e-07 0.03343494436687057 0.05675711530481169 0.07131417299900504 0.11118992573406127 0.04389092330565175 0.018601872673795015 0.023736596455714788 0.04757170051896816 0.03368205385648899 0.06567863211568901 0.08936066020162611 0.03355652566324352 0.06577487488309618 0.08057649967551504 0.055337150490674086 
0.04196772647622732 0.061333104340781056 0.10345009305294484 0.12826082604476371 7.616733214125242e-07 0.02546068173995027 0.04632077415518855 0.06234841390375548 0.029632314409031336 0.008223390999038476 0.02027787120740586 0.12718071744441492 0.030743238912182527 0.05311935075873841 0.045489575424295575 0.024380905353621286 0.038350180473912684 0.01498722844810844 0.08913927932700157 0.04933356585531634 
0.026644792635503064 0.018586637718473808 0.09393043078745517 0.08826096096957936 6.341165764643946e-07 0.017943078733398687 0.0711146472144092 0.012873378764354175 0.0639772004281651 0.026078528444120255 0.04671187449574222 0.04723021739812106 0.07446828923599225 0.04229404737240745 0.055339789136616926 0.09528982662852926 0.044300363576934856 0.018473171737187932 0.07388918481854233 0.0825929457878904 
0.08769543446826734 0.060115873482807426 0.07017797794764094 0.03105661394906105 9.383786444769393e-07 0.05064854487471947 0.04994788340776449 0.026916085418027133 0.038937041577137683 0.060908465621135985 0.060299133691692285 0.046966813870984676 0.035524571612910866 0.055275463095042485 0.01753868816032781 0.06780058113620376 0.0843628291580099 0.03334920519270458 0.06827404005963762 0.05420381489728 
0.030554290768478386 0.04584815573634719 0.034506316979915325 0.014520609402873277 5.864532421639351e-07 0.06100272332438461 0.034049712409073805 0.03426731403014656 0.06027763845151844 0.00743250170046985 0.02074868406063941 0.3535398201425661 0.020471558914359072 0.016470007408810914 0.05551837298067618 0.07083026962153587 0.060390017859932234 0.025698941220548666 0.027282697071159493 0.02658978146332247 
0.07928249438390383 0.021696875097994627 0.1288311431189241 0.050169543452677046 7.86026714910762e-07 0.03519929676128139 0.042890680966246944 0.03803017914658219 0.035683337460286194 0.04060813928324741 0.054975636488264805 0.04294789702881331 0.058798147580479444 0.022021101534156748 0.06550156079994585 0.0780533173242045 0.04501839201185178 0.06893625235391658 0.059781414389752076 0.03157380479075641 
0.043207687592014626 0.06222624573159677 0.06978733464155289 0.05929392582510348 8.356194273263974e-07 0.04877949209312563 0.05646780813497194 0.039225521331779103 0.05285929153743823 0.031640594999989086 0.04070206668598789 0.04188872259757803 0.02332087313085111 0.050862191846165514 0.04970682454337217 0.03632423349687925 0.10667471750641505 0.101294029738913 0.03554067612902308 0.050196926817815915 
0.022995749013164753 0.035818826573093 0.0761680209104992 0.04462435042634148 1.3228641569224552e-06 0.06411322452706268 0.02381818308675911 0.11257544858570882 0.029069708030499932 0.00663887561685773 0.01432962391707991 0.09660780271089449 0.019781538476804177 0.01530791304913167 0.044055656763546135 0.13797426404823587 0.13448814709685647 0.0484657100291219 0.05046490863004399 0.022700725644141634 
0.10335240319080487 0.04217598625200935 0.015255224206134128 0.028961579515017963 8.514911589407444e-07 0.020305320083897804 0.0064439099863286805 0.05587859737242201 0.042247292649498114 0.10168415755341886 0.08327739893147568 0.027176455010003566 0.04178243330669105 0.10862195892845443 0.026185469124005458 0.028157372118245032 0.04132176994682291 0.09221804055675695 0.08185254311089417 0.05310123666596005 
0.049292925302363164 0.08871362469311997 0.02039298537340208 0.09057533223164438 1.0711124667391837e-06 0.06960813795384292 0.03956885577016757 0.04628554390781554 0.13801944141975184 0.023888945145696335 0.032578033831197575 0.06254126921762194 0.06173692667820133 0.018291024750978133 0.04405172118918927 0.058302866069473776 0.09117649518700319 0.036496829116844334 0.011509701022035865 0.016968270027184075 
0.07055780519162742 0.05747493414606446 0.02821980946355574 0.04005224978065503 8.544911091686036e-07 0.045665479580828304 0.0557956716363015 0.02575316963376289 0.025923323242741284 0.07184278169179265 0.08055503564060564 0.043966173266918214 0.037824704474716794 0.08657412925536301 0.02039581826014832 0.045924687926995264 0.06592471378150316 0.05658895311728854 0.07587297066217086 0.06508673475585179 
0.06725985517358 0.03918669031547969 0.012336856858142774 0.01256203186062308 1.1403606515248851e-06 0.0339950988344713 0.02901618327507556 0.04600882425288307 0.04758950691354813 0.21275681876471317 0.036585346810910045 0.015169795111689402 0.07873635026556765 0.12334449904322696 0.02861648850648958 0.026319873506444078 0.07295780101576763 0.026857391056485828 0.04900671854767847 0.04169272952657199 
0.018883113494587593 0.026652381244958848 0.02206644433993 0.026547296258717906 7.84385413763858e-07 0.06221852962638252 0.03493996475582133 0.0242660867240717 0.0703661929154593 0.041632220601314794 0.042225859782264695 0.044196170415664635 0.06600958938461661 0.031079667711789247 0.035980601919826834 0.04512443931709074 0.16227802910683078 0.11908829226582748 0.06117120849192588 0.06527312725750528 
0.054134547524445485 0.041791503437598645 0.027370450090745523 0.027038837102241746 8.456695907129485e-07 0.05355394109215944 0.04085833524319181 0.053293398080196036 0.038505175423642124 0.013520917213462344 0.04459812622347712 0.032591446891221815 0.07870701815619917 0.11533248040196298 0.025110567864992033 0.050120590868620266 0.04064304369837118 0.06737500624969078 0.085132260979684 0.1103215077885069 
0.03713894205990756 0.08039663164893136 0.08032046628154998 0.04126022875270821 7.735883844701418e-07 0.03257122300050594 0.03599453487966569 0.057436430451874965 0.05953936234651597 0.034465910809219555 0.057521213510217925 0.05421232920539353 0.03664124239041542 0.03299214836342811 0.09838669339525927 0.07015907268724852 0.036958782445105094 0.06288653124554922 0.06584292459161627 0.025274558346502975 
0.02864996242053546 0.048620421821408535 0.07298080316093768 0.012357355536448476 6.856649839987903e-07 0.06753267060088511 0.030142922448476002 0.03783081938940565 0.04087438413039152 0.05733896414357089 0.02541234320548061 0.17762153964408764 0.026577839348458584 0.028891249762663114 0.02139760171948161 0.08270607022213397 0.07552517803929609 0.02665116585546221 0.0920439571840717 0.04684406570182119 
0.10259164205316142 0.029891174836389305 0.03183789431423651 0.06416314471559569 7.552868600350267e-07 0.042846396410737536 0.031720510413336844 0.039757507552505005 0.038290934031529784 0.04839361160296336 0.04858747798931959 0.05999574485265887 0.06204558175821362 0.10674307033620441 0.039594355282329526 0.037747286651574626 0.052271646094961974 0.05259754742993511 0.0439701925193627 0.06695352586812388 
0.05813835221793669 0.02187007109894066 0.08649539652313878 0.08852560499840291 6.762019126323521e-07 0.03189132955507205 0.06401175669050067 0.060733955305707854 0.04876753936714585 0.027370676062860734 0.11218788602176247 0.05665751738560912 0.022903586276501027 0.044730480699355195 0.06394357738383154 0.07596781267071438 0.02731506454068497 0.021224865217929153 0.016000349911462052 0.0712635018705313 
0.06980514804396606 0.019662117037145523 0.0801471802715499 0.08750685421360795 6.378675425181409e-07 0.035581601458905106 0.035464439796130696 0.03276487138118935 0.06182903645525772 0.048822684967631674 0.03770693733616842 0.041415424922283284 0.05254111290987169 0.04753293121102785 0.05309394521006291 0.049706366968793575 0.05518735231301755 0.0686825357084407 0.06218197994961688 0.060366841977790825 
0.08220681132677164 0.0994212995396327 0.03742134485526915 0.0504512954178539 6.822775198278268e-07 0.08617620687838154 0.02629118516376878 0.03674679707737773 0.04518498102325214 0.03874076120229989 0.043565022708211415 0.02814350870110572 0.022195463948663174 0.02342635845927489 0.030233980163456988 0.01593504217110188 0.06629920460744042 0.1303746026652296 0.1068995694570155 0.03028588235637316 
0.021328119669274847 0.047869802572091696 0.0513475710447057 0.05928546626989392 5.563479856442948e-07 0.02836670835744017 0.020452858109674718 0.0351155646028964 0.024707313915281068 0.027052597233461637 0.06153530144151068 0.19732665433907876 0.02385326004966208 0.046203614284859335 0.04959766978196318 0.05302677470455726 0.03573197282688682 0.13475924037587755 0.03644602629059405 0.04599292778230457 
0.050508731538083454 0.024902141527469408 0.04315984268924146 0.06293819051381933 8.032234035479598e-07 0.04298452495767823 0.05738320781120999 0.02927284084676707 0.09057141148854816 0.06532946377197241 0.05086025105458012 0.021782893941909135 0.03570902868109597 0.1036741078509907 0.027854712543200072 0.0592745605476827 0.05830296188431693 0.04611705045133482 0.06649071337257641 0.06288256130412007 
0.09797254708631518 0.013229431100346863 0.05182443968792763 0.03268518775198683 6.020172389075136e-07 0.0725991114957994 0.025430849432686666 0.07096194938432188 0.09488330413519883 0.07843050417224698 0.026586115178288797 0.047474326143431264 0.09172295374285594 0.04942963364338761 0.022936396523806177 0.043638670739353624 0.026461512447443047 0.036603039557310424 0.08235749364000186 0.03477193212005215 
0.024196844679754564 0.03998550849380276 0.07419441522384251 0.09798618272314198 8.467653991967655e-07 0.03923570624947136 0.03833186652752945 0.07128320314751134 0.04213993627221176 0.024189442213799754 0.01490383782901899 0.11585589153942484 0.06288978144319611 0.051948659334738495 0.031360655852513866 0.11296997657528814 0.05771947031486483 0.02672252773836468 0.052671418500139705 0.021413828575985727 
0.07311379148925991 0.048308316234845626 0.10531487215241263 0.08062935391316971 9.215827422758872e-07 0.04189884812289732 0.05095036963897044 0.06955293099226305 0.081875758130571 0.03269186080326132 0.03640754127031975 0.05067789210429559 0.07508268328834367 0.02147274937623033 0.048621690251434604 0.03419774909022312 0.03866139110207484 0.039449526672408246 0.041800963671905896 0.02929079011237072 
0.06079356014051905 0.13639050281888845 0.05147723349563668 0.04417259439483867 8.37523356845737e-07 0.025680587939730125 0.06598980342873861 0.060659443533736715 0.030421612376083373 0.06406848582369858 0.023731330700103158 0.10014296147841095 0.0257858669523503 0.04702692676330536 0.09768990173595313 0.02006424843856255 0.024995036000879503 0.03478774761374896 0.03560209769773059 0.0505192211437285 
0.03345463598502498 0.047324399674398665 0.03313664897859231 0.05729121866744942 1.0164044169039786e-06 0.023069175381297442 0.058003577700101935 0.06802107016658485 0.17393539080854584 0.10411763866401874 0.04187791836405693 0.012377800032458539 0.033377574111040705 0.06594808609001708 0.03950065241537966 0.03435772955897771 0.07160955464373761 0.0391565694905186 0.0313840481204592 0.0320552947429228 
0.029475471400580378 0.035004000459761014 0.015926747290623426 0.019555559778628315 1.0843106418633107e-06 0.039858900108348194 0.01928478081231219 0.01618806588082822 0.057990284570600105 0.08954820559849888 0.11355159108319558 0.010333380752654091 0.04963737462177976 0.07746804467621832 0.02054671144458875 0.05633190927030157 0.02666629909861115 0.08369785450649106 0.07459449535135201 0.16433923898398517 
0.03740691899288015 0.01366980867660296 0.016773187283142338 0.01192369362509166 1.1393897004970842e-06 0.008786674777380796 0.010792201377419253 0.024005489199843282 0.03306457780644485 0.10392683826106847 0.3743922887184281 0.013603268459011168 0.04434875836160526 0.05463018474525707 0.04304863108012702 0.02068423975960683 0.051480584693201506 0.036453385958446306 0.03332401142065735 0.0676841174140852 
0.04429145946841491 0.026833988854415246 0.07965237190835911 0.0777794668630677 9.459447354388263e-07 0.08600497347842659 0.03922964622875724 0.05913405724446776 0.10418159566691461 0.04288683011400242 0.03237178371345452 0.04373820057738428 0.017519335008119724 0.03269470532193479 0.042499189516965845 0.055634873038201145 0.049415132257896545 0.07943929255177931 0.03360051610041407 0.0530916361422889 
0.03107188065161942 0.01092495961754272 0.042898614735367706 0.052207433408045234 1.2894784982097326e-06 0.019782584973631633 0.018346969439895052 0.021246267574515015 0.08500516030411626 0.22220105696077067 0.034228916222007424 0.021810529226671344 0.06873168058100712 0.09035545030012776 0.02591794934129709 0.02145762888385662 0.03274867954625685 0.04759941916867076 0.06959363481661453 0.08386989476948861 
0.07930101504805374 0.06817369486392266 0.06871361883277953 0.09029693455665751 9.677796221194258e-07 0.10384129558780646 0.021497687413543177 0.07253737559691575 0.05076234604990594 0.020753498511696337 0.017725295104157608 0.013211997777972342 0.09104945443010808 0.045016546948039526 0.04734794432557104 0.04547647718409358 0.024794191849000547 0.06807137873428906 0.04522888771419893 0.02619939169166603 
0.16633841853328896 0.041840417771518604 0.05934534763985484 0.03278717232494631 8.092773582076559e-07 0.060877283130753 0.03714810709181936 0.07710762413348453 0.07032660898504216 0.027372198787160056 0.044383866278409456 0.023234189233624122 0.05515842680393597 0.02977299846916586 0.03326219573783603 0.053101227804769065 0.0627838495784778 0.045310758555884484 0.026707920555361198 0.05314057930731004 
0.029249573662605534 0.06776180700883014 0.030357519038661778 0.03411296543083968 9.115104715473271e-07 0.03784990624618797 0.02017889004263831 0.1047527863897335 0.030410392429518148 0.018420456123043112 0.023370636118124868 0.05943912845679396 0.06429742109943593 0.048394025364147844 0.11971786819731492 0.1122950119195249 0.06298884598945802 0.07440564783328099 0.0267910427460038 0.03520516439338529 
0.06366087273898811 0.016493769919965984 0.10361689922013974 0.0415928271617023 7.608937097867037e-07 0.08617289846967811 0.01264663351041934 0.03957165927841485 0.04987228834950761 0.06977848245722992 0.07724023735930564 0.029266761969728373 0.04308540399550834 0.08814710366284637 0.04409617730032293 0.04076878450541127 0.037162380662629876 0.054390771671285525 0.054607445329639764 0.04782784154356623 
0.04999999999999999 0.04999999999999999 0.04999999999999999 0.04999999999999999 0.04999999999999999 0.04999999999999999 0.04999999999999999 0.04999999999999999 0.04999999999999999 0.04999999999999999 0.04999999999999999 0.04999999999999999 0.04999999999999999 0.04999999999999999 0.04999999999999999 0.04999999999999999 0.04999999999999999 0.04999999999999999 0.04999999999999999 0.04999999999999999 
0.04999999999999999 0.04999999999999999 0.04999999999999999 0.04999999999999999 0.04999999999999999 0.04999999999999999 0.04999999999999999 0.04999999999999999 0.04999999999999999 0.04999999999999999 0.04999999999999999 0.04999999999999999 0.04999999999999999 0.04999999999999999 0.04999999999999999 0.04999999999999999 0.04999999999999999 0.04999999999999999 0.04999999999999999 0.04999999999999999 
0.033084104366404375 0.04924037038891677 0.037184995380823455 0.06069799453504582 8.766052490567917e-07 0.029859081088383962 0.0342497211212118 0.09771509581890242 0.17041337521066838 0.018246891095857528 0.041695771576070045 0.03406586932602921 0.049580669759265644 0.027392237299674778 0.06968304926368882 0.07470670423283636 0.06353287645997441 0.04571258365181156 0.03855619836935546 0.024381534449830263 
0.013743539898580584 0.04809390600814947 0.10091496723708884 0.04338027359525225 6.445418878734362e-07 0.031173337424353097 0.03913189915684274 0.05790953110097716 0.08980950492877654 0.02619676326028738 0.04318581645273799 0.026547939587605603 0.09074375039391541 0.05172529352673725 0.029697636765772552 0.07792643879353031 0.06803926233528304 0.04090038969115652 0.04550653983950917 0.07537256546155624 
0.031062354475128857 0.05299188935411648 0.05211744702901421 0.036621643651825964 6.574273267360276e-07 0.03129878012017661 0.05603462597182798 0.07900178647644769 0.04046742666577498 0.0614739875141196 0.08733616955105508 0.07510647867873185 0.06206166493575831 0.06666625173870834 0.044569061281320106 0.04560340538752312 0.06020897220453498 0.038419215793516634 0.062095902070755216 0.016862279672337287 
0.06794590208594932 0.06116953030834991 0.05240061814730032 0.10135826195536203 6.828731250313157e-07 0.05412233639313128 0.06078504258829043 0.023378934491278928 0.02057884437126485 0.03111477903072498 0.017430274207945393 0.030508320663695628 0.041288390843288746 0.06232736023384006 0.0406262995703911 0.076569216593056 0.11049986885241131 0.08774001721963223 0.0393671376621024 0.02078818190886027 
0.09134256939251678 0.06119095133981086 0.0626936855667558 0.093437428902194 7.391758315972475e-07 0.061490261684320674 0.06223366046529451 0.04275845081126628 0.07204985822722511 0.030454495146968574 0.030111357640172396 0.06964733885282522 0.022948049610427828 0.02939568754996391 0.05671385470071334 0.039360161429705005 0.06791987809329864 0.014088224862749202 0.07484224973196617 0.017321096815994013 
0.00872523316260435 0.050524667547988275 0.0784135826688111 0.04765114061645127 8.135964641457782e-07 0.047276473192851345 0.0591693796848638 0.1124186154199203 0.06677623732307628 0.05136133537039082 0.04264188807231916 0.05873498898961185 0.022527158487660914 0.042563009935409755 0.017335807596406527 0.06889467459104145 0.02139355490551277 0.10268920037552108 0.03949710528642088 0.061405133176673975 
0.03650937898771102 0.04250703679988973 0.08913954328567435 0.1072856470746411 7.935738097338683e-07 0.08425263839044776 0.06066374064745932 0.07530596405983259 0.024183912899018056 0.05191359832752871 0.05041878025620448 0.020955308674098474 0.04134390523920428 0.030651017455435227 0.07536215233452147 0.02485075680913173 0.05732234589845231 0.060695897453654675 0.024289506808860595 0.042348075024424454 
0.05336469004871478 0.035104555554703196 0.09801976337767329 0.10835079672089744 8.478211661230677e-07 0.04500619549273018 0.08371468873510167 0.016777181796009965 0.046982156217561334 0.05685394445217282 0.04442768956983905 0.049947162580938426 0.03089893775463688 0.02265098137675342 0.03452495852141053 0.07845690609826078 0.08273925274987023 0.03716190170070056 0.05679636352049142 0.018221025910367904 
0.03364779257952525 0.052301949174721474 0.06364749575879203 0.0589666112846251 6.829393136000103e-07 0.026142656282099972 0.16282258063236 0.02821483731327767 0.09006696928776398 0.03219777070153542 0.05498278905943474 0.035538651685277284 0.05062752365396899 0.11204960924054876 0.021272990288105437 0.02442479840023728 0.013980838878088358 0.07027932558541955 0.03909114102636244 0.029742986228542684 
0.047116725421972636 0.0443627156557279 0.06693215088278333 0.07507001303424302 9.304004604942468e-07 0.10710379140178189 0.09604844804282388 0.0355976924649827 0.04738591765832925 0.04650282203629604 0.04063178521696245 0.03152480846120711 0.046251030424962924 0.020497373980283413 0.11608095586741422 0.03299776824270383 0.03453776720791841 0.042421939502794 0.037541316737747916 0.031394047358604626 
0.0643569323219463 0.061038702910999686 0.06367437172136416 0.04817326520217529 7.314684967901959e-07 0.0529638164184774 0.03386689123019708 0.043744687661670924 0.03715286447952084 0.11930911290896457 0.025114732364392642 0.01810258160995464 0.08561374397212883 0.04249931488898562 0.08726209543356458 0.028678951880185738 0.06552496550603953 0.05513739377760372 0.04020703804747458 0.02757780619585719 
0.07236604232207304 0.03394080981849135 0.04514372113873357 0.08549311764572802 8.306213146440018e-07 0.016017472887987945 0.03637579491179053 0.049977125871036324 0.015382933735880623 0.04910960088680844 0.04770844395682394 0.040619124066867685 0.10197210434206655 0.0374293115179473 0.0409762422822784 0.08168959185762772 0.07274768682774056 0.08548484546799257 0.037243202302467186 0.05032199753834375 
0.07936778701119161 0.022624294566413468 0.09525925863413756 0.08468744942077984 6.965607425146022e-07 0.02988702498286217 0.03024464358642036 0.06685631801010403 0.031883191394861815 0.051223303243346674 0.07327064833813975 0.0803806201313305 0.05415855022643883 0.017984984463699356 0.040786004016894646 0.09578332437361661 0.043778520205542036 0.019202746373812123 0.051810905023498714 0.030809729436167263 
0.1479620184146156 0.0322248581587306 0.10633881157144877 0.047009688810410497 8.856930788449893e-07 0.07496102377227837 0.06503397947645131 0.04032949026519489 0.019148372572458452 0.021829606310351753 0.10065493179177122 0.0799738681983365 0.014111404541543127 0.02077143121541338 0.024423952631776494 0.029282206043899597 0.037777662633237355 0.07099808807181668 0.03683976588649718 0.03032795394068948 
0.08912942555583113 0.04070288809829388 0.051098001777962546 0.0421842620694445 7.750371370501488e-07 0.061807317427010976 0.04705018102009199 0.03771526316416299 0.07778422253659345 0.05681283350515469 0.03403112745569283 0.07763134629590229 0.027313284830103743 0.06805567232249646 0.03785510956884423 0.026574016673842654 0.008642394763176929 0.05290228583032976 0.04998181091705681 0.11272778115087122 
0.023736034437368124 0.020593899304489658 0.02023988443765381 0.011093635972311732 7.423447388196019e-07 0.037581744331142544 0.026550230545983503 0.03801771822903192 0.06130323743799782 0.07201418772715662 0.044629688611449954 0.037867664246953044 0.18921035471767805 0.11154079539781366 0.019004946535495944 0.03496198655091526 0.03084069679257846 0.034103055678729746 0.10705735445745455 0.07965214224305661 
0.05093825172791831 0.027026801185607345 0.05294793708146617 0.05174257720248778 9.532795669507363e-07 0.037871231523297286 0.029456069398630186 0.021971350821364605 0.034807149957904474 0.04470304678018429 0.05002868998237983 0.07138598174105437 0.06251530898595785 0.06324185266795374 0.10790069667287712 0.022916422081178063 0.0819503052561501 0.14314080178410377 0.023932706059322788 0.021521865810594797 
0.06802748045288358 0.05065316058869028 0.09435225563052495 0.04102262182886653 7.270183284541132e-07 0.05122752643441403 0.05103161054920935 0.0282875057298201 0.040920964149006846 0.040862882935230556 0.08001219633316337 0.028504134420767897 0.0376861568019266 0.06258980449575796 0.03662027185758178 0.10218948546619559 0.03082427269186802 0.043978197126249036 0.05852970858040156 0.05267903690911346 
0.03187882929644618 0.10188447912882773 0.039484498023422146 0.0596655736317558 9.03226554824577e-07 0.02717043706325398 0.05536387252118035 0.030221603230835333 0.0690190682279307 0.11017540687507262 0.051521765775382505 0.02128676629230869 0.060907606248651755 0.04644775446153582 0.022085826937493166 0.029622464765818955 0.06413406465685702 0.05755545308077136 0.0392011272549537 0.08237249930094728 
0.08359753061803547 0.042547680085557885 0.02783367366477319 0.01691714960092047 8.057400116625882e-07 0.0685066619816459 0.06211054111138732 0.01918670683944978 0.037357449798241474 0.025866684051458817 0.06234445286935039 0.06246977656947042 0.04064764018349114 0.032055103095270626 0.03269074013582271 0.1095525127723301 0.017386262885837 0.05303848097071088 0.0502584289317271 0.1556317180945078 
0.05589724963638421 0.02577896479479705 0.09002391409753487 0.06512843531704401 8.800666813302291e-07 0.07724495360338328 0.05444526857890207 0.03626406078185448 0.01565069001698147 0.02286507093955179 0.04501498292595678 0.06610539686112908 0.11409655225416374 0.04046662040127843 0.08057375235341548 0.05981578965582929 0.07216421886964118 0.022518375129651425 0.021415142140428733 0.03452968157539121 
0.027717862866815948 0.02335975697034695 0.04384119405068937 0.04085116979556463 6.802539801194745e-07 0.06876249065055459 0.02666587567224519 0.06787862971901851 0.04160082414940034 0.029894607615020254 0.05766598749807891 0.07366006836266058 0.03220055227738369 0.06646816219245186 0.055348883917404494 0.049891135733482264 0.0333664448513785 0.056941976996684976 0.04222538537066025 0.1616583110561786 
0.051258185392974685 0.039283395384740245 0.016176332706269836 0.022911983949154308 1.2351541367502193e-06 0.07452167262130674 0.029585949015806485 0.031303575728766624 0.04488264184811412 1.2351541367502193e-06 0.12774986187472795 0.0479755283577816 0.07807915772858254 0.05772570169544513 0.03422402581689498 0.04867265461411383 0.057530807526066874 0.057241227793159696 0.0786266676811311 0.10224815995668987 
0.10738511508918717 0.05542238221206128 0.06707709184694752 0.06417881266029037 6.039999521363198e-07 0.046015958815590625 0.01745860798971789 0.04329511469134203 0.027333139471063805 0.049172738007177134 0.024050013836274534 0.030218487791564837 0.04029903325548932 0.15839728711288686 0.043576967811823485 0.06662594750440089 0.06178706106938585 0.039729569216840344 0.01701291292147779 0.04096315469652592 
0.119087165280007 0.032726908524806766 0.02499561914383301 0.08666831586700041 6.94484584312604e-07 0.04383520236303474 0.06134584415595599 0.017277263794889676 0.028550007109905885 0.02796697617623121 0.06350925396329075 0.1821666315116255 0.0369682274775738 0.022516193672058697 0.03232618909853322 0.09890146494496774 0.03186957521305432 0.03718882725992276 0.02480145278218573 0.027298187176538487 
0.1042400487355376 0.09642715985734886 0.06282791596450196 0.04084970988790546 8.715610677128188e-07 0.07751596278516801 0.05695702013763157 0.026743166004704583 0.01642143323869365 0.050489944841526975 0.051437866636295085 0.06011664604171398 0.040967636233641906 0.05899305868795583 0.020607586733198957 0.029495143193979008 0.0472602317411582 0.05924092376667198 0.06163712258138714 0.0377705513699117 
1.0094769996164267e-06 0.05118719034826645 0.03487500981389343 0.02652495314631254 1.0094769996164267e-06 0.045201247525882796 0.07415629123373496 0.024567791037197872 0.024990044702122412 0.05466856228011822 0.08548136654282554 0.09572513516257827 0.08269844625347829 0.09078266807450659 0.026774585262115798 0.0753324585539834 0.02585704396968598 0.08844546527628463 0.057889434856880286 0.034840287006133286 
0.058745483162841686 0.053162741297124776 0.04118792869745817 0.05800804750463991 8.497141717338317e-07 0.02579765596257717 0.09671790140409887 0.03973199515184371 0.08964473504691224 0.03084633036912097 0.0799487157481031 0.061998046269412355 0.05031112503084834 0.031062138748107482 0.02565541100643757 0.08302929176986142 0.05488212621180442 0.05399991126871073 0.048602540180460375 0.016667025455464873 
0.04337425761040528 0.0326140862106749 0.06860864341046213 0.052612274584633335 8.011200491967317e-07 0.06158866219349945 0.030006007285170604 0.06553662607020816 0.059525003121703786 0.08857010119480146 0.050327474756191024 0.06539676733118166 0.0398163446324044 0.0638685765110627 0.016381666065580832 0.07908540700796178 0.049725790544188825 0.059919087303789295 0.041997228649857464 0.03104519439617378 
0.025303638718694715 0.04741734800455491 0.04588879044763186 0.016775232715213736 7.247993436679444e-07 0.0401552983867845 0.02638638074273696 0.05447322488913233 0.05388274413991612 0.04039641481206288 0.05812471323671996 0.10737309406096804 0.050239638814460516 0.040668520565056605 0.05450746892608709 0.08034227996660456 0.06766400935034185 0.055028002124990455 0.08810794263250044 0.047264532666198796 
0.02334560046470876 0.11811196517742242 0.0630582212720347 0.043455001888048954 1.2165829065211275e-06 0.046840411953292374 0.06931168315771455 0.2063587854520273 0.04677524731768634 0.01611697816451392 0.02228015026908112 0.043729880117931 0.01967687172236951 0.043347091293394056 0.0482261429556905 0.06356708061406516 0.022330738022451776 0.037265458483166744 0.031687729837001175 0.03451374525449292 
0.04472462640952976 0.0648370909783002 0.03265026476882695 0.03763679897406789 1.0288020369563938e-06 0.05363734528803641 0.04704603520968412 0.026973058099358807 0.06626914192850222 0.05079672879231406 0.07878481512485987 0.04235270535043485 0.031783730061491405 0.18590087486055507 0.03144067060778189 0.021306783039746 0.06696481512192114 0.05061037436902046 0.034310383255413746 0.031972728958118195 
0.06965591070253722 0.07573342586922527 0.032877652921188744 0.025180395643322678 1.0707102069516906e-06 0.03542678189911727 0.042499477699908327 0.03190511875681335 0.058790343663722745 0.01032338894560788 0.053132067654103526 0.051372293797743836 0.06150562545077504 0.05076765559256404 0.05667933819103672 0.060803030509100145 0.14213265976264375 0.06120715099109524 0.03456171356491691 0.04544489767437032 
0.04885086273770895 0.04413678590671643 0.09014168733945879 0.04830503839640675 9.180361132810674e-07 0.04005206695847138 0.08578908762773975 0.05297646867667327 0.10830698961033351 0.020003959810469773 0.04365544946651473 0.03623786239261019 0.020413930257635285 0.03392070649594428 0.08399926939926042 0.03485289601487933 0.09489730458731145 0.029950872224395114 0.03893159795722607 0.044576246104131224 
0.02332671935461868 0.04377177924680528 0.03652765629782796 0.018370799154741612 1.0928664336742537e-06 0.08477277287271917 0.015833090241514265 0.06499719992022472 0.04363755563600464 0.023906361725963155 0.2570585000755736 0.03494554845175981 0.0381429260899615 0.03363817447708791 0.016409091777675786 0.11676512295419277 0.056440124361264304 0.02965764837859072 0.04070033985075438 0.02109749626628607 
